longitude: -71.1681156
latitude: 42.8836989
sunrise_offset: 9
sunset_offset: 30
open_pin: 20
close_pin: 26