east_hampstead_nh:
  longitude: -71.1681156
  latitude: 42.8836989
